
run_mandel_multi_1_5_512_2000.out.formatted

http://chart.apis.google.com/chart?chs=600x400&cht=lxy&chdl=Serial|Parallel|Speedup&chco=FF0000,00FF00,0000FF&chg=12.5,12.5&chm=o,FF0000,0,-1,2.0&chxt=x,y,x,y,r,r&chxl=0:|1|256|512|1:|0.0|0.5|1.0|2:||Array Size||3:||Time%20%28sec%29||4:|0|2|4|5:||Speedup Factor|&chds=0,0,0,1.0,0,0,0,1.0,0,0,0,4&chd=t:-1|0.00,0.00,0.00,0.00,0.00,0.00,0.00,0.00,0.00,0.00,0.01,0.01,0.01,0.01,0.02,0.02,0.02,0.03,0.03,0.04,0.04,0.05,0.05,0.05,0.06,0.06,0.07,0.07,0.09,0.09,0.08,0.06,0.10,0.10,0.08,0.13,0.10,0.14,0.10,0.14,0.14,0.12,0.17,0.14,0.12,0.15,0.17,0.13,0.19,0.18,0.15,0.16,0.19,0.24,0.19,0.25,0.25,0.20,0.21,0.25,0.28,0.24,0.26,0.31,0.28,0.32,0.33,0.38,0.33,0.33,0.33,0.31,0.35,0.44,0.36,0.38,0.37,0.36,0.41,0.44,0.40,0.44,0.43,0.46,0.45,0.45,0.47,0.47,0.52,0.54,0.51,0.56,0.53,0.59,0.59,0.56,0.59,0.61,0.59,0.67,0.63,0.64,0.66|-1|0.00,0.00,0.00,0.00,0.00,0.00,0.00,0.00,0.00,0.00,0.00,0.00,0.01,0.01,0.01,0.01,0.02,0.02,0.02,0.02,0.03,0.03,0.03,0.03,0.04,0.04,0.04,0.05,0.05,0.05,0.06,0.06,0.07,0.07,0.08,0.07,0.09,0.08,0.09,0.09,0.10,0.09,0.10,0.11,0.11,0.12,0.12,0.13,0.14,0.14,0.15,0.14,0.15,0.16,0.17,0.16,0.17,0.18,0.18,0.18,0.20,0.22,0.23,0.21,0.22,0.23,0.23,0.23,0.24,0.24,0.27,0.27,0.28,0.28,0.30,0.31,0.29,0.32,0.32,0.32,0.33,0.34,0.35,0.34,0.37,0.37,0.39,0.41,0.40,0.42,0.41,0.43,0.44,0.43,0.47,0.45,0.46,0.47,0.50,0.50,0.48,0.52,0.52|-1|0.00,0.00,0.00,0.00,0.00,0.00,0.00,0.00,0.00,0.00,0.00,0.00,1.00,1.00,2.00,2.00,1.00,1.50,1.50,2.00,1.33,1.67,1.67,1.67,1.50,1.50,1.75,1.40,1.80,1.80,1.33,1.00,1.43,1.43,1.00,1.86,1.11,1.75,1.11,1.56,1.40,1.33,1.70,1.27,1.09,1.25,1.42,1.00,1.36,1.29,1.00,1.14,1.27,1.50,1.12,1.56,1.47,1.11,1.17,1.39,1.40,1.09,1.13,1.48,1.27,1.39,1.43,1.65,1.38,1.38,1.22,1.15,1.25,1.57,1.20,1.23,1.28,1.12,1.28,1.38,1.21,1.29,1.23,1.35,1.22,1.22,1.21,1.15,1.30,1.29,1.24,1.30,1.20,1.37,1.26,1.24,1.28,1.30,1.18,1.34,1.31,1.23,1.27

run_mandel_multi_1_5_512_20000.out.formatted

http://chart.apis.google.com/chart?chs=600x400&cht=lxy&chdl=Serial|Parallel|Speedup&chco=FF0000,00FF00,0000FF&chg=12.5,12.5&chm=o,FF0000,0,-1,2.0&chxt=x,y,x,y,r,r&chxl=0:|1|256|512|1:|0.0|5.0|10.0|2:||Array Size||3:||Time%20%28sec%29||4:|0|2|4|5:||Speedup Factor|&chds=0,0,0,10.0,0,0,0,10.0,0,4&chd=t:-1|0.00,0.00,0.00,0.00,0.01,0.03,0.03,0.05,0.06,0.07,0.09,0.09,0.12,0.10,0.17,0.14,0.15,0.22,0.25,0.22,0.25,0.27,0.29,0.33,0.43,0.40,0.42,0.51,0.54,0.51,0.61,0.58,0.62,0.67,0.71,0.75,0.87,0.87,0.89,1.00,1.05,1.11,1.14,1.25,1.22,1.28,1.39,1.38,1.44,1.51,1.64,1.60,1.66,1.79,1.85,1.93,1.98,2.08,2.12,2.21,2.21,2.29,2.47,2.45,2.51,2.60,2.71,2.52,2.83,2.93,3.00,3.19,3.21,3.26,3.36,3.54,3.61,3.67,3.75,3.83,3.91,4.02,4.16,4.25,4.41,4.43,4.57,4.65,4.81,4.92,4.98,5.09,5.20,5.35,5.46,5.60,5.67,5.84,5.93,6.00,6.18,6.46,6.37|-1|0.00,0.00,0.00,0.00,0.01,0.01,0.02,0.02,0.03,0.04,0.05,0.05,0.07,0.08,0.10,0.11,0.12,0.13,0.15,0.18,0.18,0.21,0.23,0.20,0.27,0.26,0.28,0.31,0.31,0.30,0.29,0.33,0.34,0.42,0.42,0.48,0.51,0.54,0.57,0.53,0.47,0.66,0.60,0.67,0.60,0.59,0.75,0.83,0.62,0.59,0.73,0.64,0.69,0.66,0.94,0.86,0.93,1.10,0.94,1.12,1.14,0.98,1.12,1.21,1.02,1.08,1.05,1.24,1.18,1.46,1.33,1.39,1.45,1.43,1.41,1.34,1.60,1.64,1.52,1.48,1.59,1.71,1.70,1.86,1.58,1.86,1.72,1.84,2.00,1.72,1.86,1.97,2.03,2.12,2.18,2.15,2.18,2.07,2.47,2.38,2.34,2.48,2.29|-1|
0.00,0.00,0.00,0.00,1.00,3.00,1.50,2.50,2.00,1.75,1.80,1.80,1.71,1.25,1.70,1.27,1.25,1.69,1.67,1.22,1.39,1.29,1.26,1.65,1.59,1.54,1.50,1.65,1.74,1.70,2.10,1.76,1.82,1.60,1.69,1.56,1.71,1.61,1.56,1.89,2.23,1.68,1.90,1.87,2.03,2.17,1.85,1.66,2.32,2.56,2.25,2.50,2.41,2.71,1.97,2.24,2.13,1.89,2.26,1.97,1.94,2.34,2.21,2.02,2.46,2.41,2.58,2.03,2.40,2.01,2.26,2.29,2.21,2.28,2.38,2.64,2.26,2.24,2.47,2.59,2.46,2.35,2.45,2.28,2.79,2.38,2.66,2.53,2.40,2.86,2.68,2.58,2.56,2.52,2.50,2.60,2.60,2.82,2.40,2.52,2.64,2.60,2.78

run_mandel_multi_1_5_512_200000.out.formatted

http://chart.apis.google.com/chart?chs=600x400&cht=lxy&chdl=Serial|Parallel|Speedup&chco=FF0000,00FF00,0000FF&chg=12.5,12.5&chm=o,FF0000,0,-1,2.0&chxt=x,y,x,y,r,r&chxl=0:|1|256|512|1:|0.0|50.0|100.0|2:||Array Size||3:||Time%20%28sec%29||4:|0|2|4|5:||Speedup Factor|&chds=0,0,0,100,0,0,0,100,0,0,0,4&chd=t:-1|0.00,0.01,0.03,0.09,0.14,0.17,0.28,0.32,0.47,0.50,0.62,0.76,0.92,1.06,1.29,1.39,1.56,1.75,2.08,2.25,2.51,2.74,3.07,3.31,3.67,3.93,4.20,4.50,4.88,5.18,5.58,5.87,6.23,6.67,7.16,7.45,7.15,8.44,8.91,9.34,9.76,10.39,10.81,11.40,12.11,12.47,13.01,13.62,14.13,15.02,15.28,15.97,16.56,17.35,17.84,18.57,19.67,20.05,20.71,21.45,22.11,22.91,23.65,24.38,25.26,25.94,26.73,24.75,28.42,29.32,30.07,30.95,31.83,32.66,34.66,34.34,35.58,36.40,37.77,38.20,39.11,40.18,41.33,42.28,43.39,44.11,45.14,46.14,47.38,48.67,49.49,50.78,52.01,52.96,54.20,55.34,56.44,57.65,58.94,59.98,61.33,62.63,63.53|-1|0.00,0.01,0.03,0.04,0.07,0.12,0.11,0.17,0.22,0.22,0.28,0.27,0.32,0.38,0.43,0.53,0.56,0.56,0.63,0.73,0.82,0.87,0.97,1.06,1.13,1.18,1.34,1.39,1.47,1.57,1.66,1.83,1.95,1.94,2.08,2.21,2.31,2.41,2.55,2.71,2.87,2.95,3.14,3.28,3.42,3.57,3.79,3.89,4.02,4.20,4.40,4.53,4.68,4.81,5.09,5.17,5.50,5.61,5.89,6.05,6.25,6.39,6.66,6.84,7.04,7.22,7.53,7.78,7.92,8.13,8.41,8.69,9.03,9.26,9.40,9.66,9.90,10.25,10.47,10.70,11.02,11.24,11.50,11.86,12.20,12.42,12.65,12.99,13.31,13.55,13.90,15.94,15.91,14.77,18.24,18.94,15.96,23.73,28.10,20.95,17.32,17.48,24.90|-1|
0.00,1.00,1.00,2.25,2.00,1.42,2.55,1.88,2.14,2.27,2.21,2.81,2.88,2.79,3.00,2.62,2.79,3.12,3.30,3.08,3.06,3.15,3.16,3.12,3.25,3.33,3.13,3.24,3.32,3.30,3.36,3.21,3.19,3.44,3.44,3.37,3.10,3.50,3.49,3.45,3.40,3.52,3.44,3.48,3.54,3.49,3.43,3.50,3.51,3.58,3.47,3.53,3.54,3.61,3.50,3.59,3.58,3.57,3.52,3.55,3.54,3.59,3.55,3.56,3.59,3.59,3.55,3.18,3.59,3.61,3.58,3.56,3.52,3.53,3.69,3.55,3.59,3.55,3.61,3.57,3.55,3.57,3.59,3.56,3.56,3.55,3.57,3.55,3.56,3.59,3.56,3.19,3.27,3.59,2.97,2.92,3.54,2.43,2.10,2.86,3.54,3.58,2.55

run_mandel_multi_1_25_512_2000000.out.formatted

http://chart.apis.google.com/chart?chs=600x400&cht=lxy&chdl=Serial|Parallel|Speedup&chco=FF0000,00FF00,0000FF&chg=12.5,12.5&chm=o,FF0000,0,-1,2.0&chxt=x,y,x,y,r,r&chxl=0:|1|256|512|1:|0.0|500.0|1000.0|2:||Array Size||3:||Time%20%28sec%29||4:|0|2|4|5:||Speedup Factor|&chds=0,0,0,1000,0,0,0,1000,0,0,0,4&chd=t:-1|0.00,1.55,6.19,13.83,24.51,38.85,55.51,75.16,98.46,124.37,154.84,184.95,219.74,259.13,300.03,355.56,392.08,442.71,497.15,553.68,612.51|-1|0.00,0.56,1.78,4.01,6.98,10.70,15.44,20.85,27.07,34.43,42.35,51.21,61.03,71.49,82.97,132.55,142.20,171.20,197.38,230.79,254.90|-1|0.00,2.77,3.48,3.45,3.51,3.63,3.60,3.60,3.64,3.61,3.66,3.61,3.60,3.62,3.62,2.68,2.76,2.59,2.52,2.40,2.40

run_pmandel_multi_128_128_1280_200000.out.formatted
and
run_mandel_multi_500_1000_4500_200000.out

http://chart.apis.google.com/chart?chs=600x400&cht=lxy&chdl=Serial|Parallel|Speedup&chco=FF0000,00FF00,0000FF&chg=12.5,12.5&chm=o,FF0000,0,-1,2.0&chxt=x,y,x,y,r,r&chxl=0:|128|1093|2314|3407|4500|1:|0.0|2500.0|5000.0|2:||Array Size||3:||Time%20%28sec%29||4:|0|2|4|5:||Speedup Factor|&chds=0,4500,0,4500,0,4500,0,4500,0,4500,0,4&chd=t:128,256,384,512,640,768,896,1024,1152,1280,1500,2500,3500,4500|3.99,15.98,36.06,64.16,101.50,144.31,196.64,256.89,324.58,407.21,551.50,1531.72,3000.76,4961.76|128,256,384,512,640,768,896,1024,1152,1280,1500,2500,3500,4500|1.36,4.52,10.08,17.90,27.76,39.95,54.35,70.89,93.82,148.09,151.86,592.74,1528.03,1963.73|128,256,384,512,640,768,896,1024,1152,1280,1500,2500,3500,4500|2.93,3.54,3.58,3.58,3.66,3.61,3.62,3.62,3.46,2.75,3.63,2.58,1.96,2.53

