# 10 nodes
# Number-of-Particles      Parallel-Time       Serial-Time
100                            2.11                0.034
1000                           1.715               0.135
2000                           1.738               0.232
3000                           1.882               0.668
4000                           1.830               1.369
5000                           1.818               2.032
10000                          2.441               8.698
15000                          3.983              19.454
20000                          4.997              34.381
40000                         15.456             175.833

