# 100000 total particles
# Number-of-Nodes      Parallel-Time       Serial-Time
2                       414.520                744.866
5                       164.126                744.866
10                       83.229                744.866
20                       42.770                744.866
50                       57.239                744.866
100                      38.366                744.866
200                      42.420                744.866
1000                    176.106                744.866


